  0.000000   0.100000   0.000000,
  0.000000   0.100000  -0.903361,
  0.000000   0.100000  -2.000000,
  0.000000   0.100000  -3.000000,
  0.000000   0.100000  -4.000000,
  0.000000   0.100000  -5.000000,
  0.000000   0.100000  -6.000000,
  0.000000   0.100000  -7.000000,
  0.000000   0.100000  -8.000000,
  0.000000   0.100000  -9.000000,
  0.000000   0.100000 -10.000000,
  0.000000   0.100000 -11.000000,
 -0.000001   0.100000 -11.999999,
 -0.000001   0.100000 -13.000000,
 -0.000001   0.100000 -14.000000,
 -0.000001   0.100000 -14.999999,
 -0.000001   0.100000 -15.999999,
 -0.000001   0.100000 -17.000000,
 -0.000001   0.100000 -18.000002,
 -0.000001   0.100000 -19.000000,
 -0.000001   0.100000 -20.000000,
 -0.000605   0.100000 -20.999996,
 -0.004640   0.100000 -21.999973,
 -0.014827   0.100000 -22.999846,
 -0.038522   0.100000 -23.999342,
 -0.087543   0.100000 -24.997890,
 -0.162903   0.100000 -25.994709,
 -0.262366   0.100000 -26.989346,
 -0.386260   0.100000 -27.981228,
 -0.539396   0.100000 -28.969082,
 -0.726860   0.100000 -29.950891,
 -0.946576   0.100000 -30.925940,
 -1.195133   0.100000 -31.893909,
 -1.473863   0.100000 -32.853649,
 -1.785858   0.100000 -33.803215,
 -2.136120   0.100000 -34.739258,
 -2.525550   0.100000 -35.659660,
 -2.949092   0.100000 -36.564693,
 -3.405984   0.100000 -37.453213,
 -3.896388   0.100000 -38.323723,
 -4.420843   0.100000 -39.174316,
 -4.980890   0.100000 -40.002048,
 -5.578684   0.100000 -40.802860,
 -6.210417   0.100000 -41.577202,
 -6.869086   0.100000 -42.328819,
 -7.548627   0.100000 -43.061913,
 -8.244446   0.100000 -43.779819,
 -8.953771   0.100000 -44.484501,
 -9.676184   0.100000 -45.175777,
-10.412885   0.100000 -45.851818,
-11.163587   0.100000 -46.512234,
-11.927910   0.100000 -47.156765,
-12.705833   0.100000 -47.784748,
-13.497622   0.100000 -48.395103,
-14.303516   0.100000 -48.986649,
-15.123702   0.100000 -49.558159,
-15.958306   0.100000 -50.108379,
-16.807358   0.100000 -50.635971,
-17.670828   0.100000 -51.139591,
-18.548559   0.100000 -51.617863,
-19.440306   0.100000 -52.069420,
-20.345667   0.100000 -52.492985,
-21.263945   0.100000 -52.887779,
-22.193949   0.100000 -53.254204,
-23.134230   0.100000 -53.593540,
-24.083416   0.100000 -53.907219,
-25.040489   0.100000 -54.195976,
-26.004581   0.100000 -54.460449,
-26.974857   0.100000 -54.701298,
-27.950565   0.100000 -54.919231,
-28.931002   0.100000 -55.114986,
-29.915501   0.100000 -55.289310,
-30.903463   0.100000 -55.442951,
-31.894392   0.100000 -55.576389,
-32.887875   0.100000 -55.689285,
-33.883415   0.100000 -55.782398,
-34.880501   0.100000 -55.857128,
-35.878712   0.100000 -55.914627,
-36.877724   0.100000 -55.955692,
-37.877270   0.100000 -55.981026,
-38.877090   0.100000 -55.991234,
-39.876968   0.100000 -55.986603,
-40.876694   0.100000 -55.966770,
-41.875900   0.100000 -55.929585,
-42.874260   0.100000 -55.874043,
-43.871487   0.100000 -55.801205,
-44.867233   0.100000 -55.710777,
-45.861115   0.100000 -55.602024,
-46.852718   0.100000 -55.474190,
-47.841526   0.100000 -55.326527,
-48.827023   0.100000 -55.158241,
-49.808624   0.100000 -54.968582,
-50.785675   0.100000 -54.756802,
-51.757481   0.100000 -54.522141,
-52.723286   0.100000 -54.263901,
-53.682243   0.100000 -53.981384,
-54.633499   0.100000 -53.673958,
-55.576023   0.100000 -53.340809,
-56.508415   0.100000 -52.980484,
-57.428696   0.100000 -52.590527,
-58.334938   0.100000 -52.169086,
-59.225769   0.100000 -51.715965,
-60.100269   0.100000 -51.232044,
-60.957729   0.100000 -50.718483,
-61.797554   0.100000 -50.176537,
-62.619305   0.100000 -49.607498,
-63.422665   0.100000 -49.012714,
-64.207436   0.100000 -48.393574,
-64.973557   0.100000 -47.751415,
-65.721062   0.100000 -47.087612,
-66.450020   0.100000 -46.403423,
-67.160149   0.100000 -45.699657,
-67.851166   0.100000 -44.977089,
-68.523331   0.100000 -44.236954,
-69.177383   0.100000 -43.480812,
-69.811386   0.100000 -42.707958,
-70.420708   0.100000 -41.915852,
-70.999756   0.100000 -41.101700,
-71.544922   0.100000 -40.264545,
-72.055260   0.100000 -39.405518,
-72.529648   0.100000 -38.525955,
-72.966034   0.100000 -37.626789,
-73.364563   0.100000 -36.710251,
-73.728928   0.100000 -35.779629,
-74.062737   0.100000 -34.837658,
-74.367676   0.100000 -33.885868,
-74.644562   0.100000 -32.925358,
-74.888260   0.100000 -31.955910,
-75.099426   0.100000 -30.978762,
-75.286575   0.100000 -29.996798,
-75.452156   0.100000 -29.010935,
-75.593445   0.100000 -28.021255,
-75.708954   0.100000 -27.028175,
-75.801888   0.100000 -26.032747,
-75.877388   0.100000 -25.035828,
-75.933098   0.100000 -24.037598,
-75.968346   0.100000 -23.038349,
-75.988556   0.100000 -22.038671,
-75.999313   0.100000 -21.038792,
-76.008591   0.100000 -20.038830,
-76.021400   0.100000 -19.038910,
-76.038399   0.100000 -18.039085,
-76.060860   0.100000 -17.039347,
-76.090485   0.100000 -16.039812,
-76.127075   0.100000 -15.040515,
-76.169174   0.100000 -14.041432,
-76.218132   0.100000 -13.042645,
-76.275131   0.100000 -12.044308,
-76.339714   0.100000 -11.046416,
-76.410759   0.100000 -10.048964,
-76.489342   0.100000  -9.052094,
-76.577225   0.100000  -8.055986,
-76.674332   0.100000  -7.060750,
-76.779083   0.100000  -6.066307,
-76.891815   0.100000  -5.072711,
-77.014664   0.100000  -4.080323,
-77.148621   0.100000  -3.089394,
-77.292816   0.100000  -2.099894,
-77.446808   0.100000  -1.111879,
-77.610825   0.100000  -0.125497,
-77.785782   0.100000   0.859031,
-77.963684   0.100000   1.842908,
-78.112648   0.100000   2.831009,
-78.202553   0.100000   3.824731,
-78.208824   0.100000   4.820586,
-78.110458   0.100000   5.809690,
-77.888275   0.100000   6.776653,
-77.527908   0.100000   7.699341,
-77.022949   0.100000   8.550360,
-76.379524   0.100000   9.303015,
-75.620987   0.100000   9.942108,
-74.778320   0.100000  10.470022,
-73.878639   0.100000  10.897726,
-72.940392   0.100000  11.236141,
-71.975746   0.100000  11.492610,
-70.994896   0.100000  11.680390,
-70.005165   0.100000  11.814497,
-69.010544   0.100000  11.907471,
-68.012863   0.100000  11.967147,
-67.013550   0.100000  11.993794,
-66.013634   0.100000  11.998425,
-65.013626   0.100000  11.999619,
-64.013626   0.100000  11.999988,
-63.013622   0.100000  12.000003,
-62.013630   0.100000  12.000003,
-61.013618   0.100000  12.000003,
-60.013638   0.100000  12.000003,
-59.013630   0.100000  12.000002,
-58.013618   0.100000  12.000002,
-57.013626   0.100000  12.000001,
-56.013615   0.100000  12.000002,
-55.013607   0.100000  12.000002,
-54.013615   0.100000  12.000001,
-53.013611   0.100000  12.000001,
-52.013599   0.100000  12.000001,
-51.013611   0.100000  12.000002,
-50.013599   0.100000  12.000002,
-49.013596   0.100000  12.000002,
-48.013615   0.100000  12.000001,
-47.013615   0.100000  12.000001,
-46.013634   0.100000  12.000002,
-45.013641   0.100000  12.000002,
-44.013630   0.100000  12.000002,
-43.013615   0.100000  12.000002,
-42.013626   0.100000  12.000000,
-41.013615   0.100000  12.000000,
-40.013596   0.100000  12.000002,
-39.013607   0.100000  12.000002,
-38.013603   0.100000  12.000001,
-37.013592   0.100000  12.000001,
-36.013607   0.100000  12.000000,
-35.013599   0.100000  12.000001,
-34.013592   0.100000  12.000001,
-33.013599   0.100000  12.000002,
-32.013622   0.100000  12.001838,
-31.013916   0.100000  12.018628,
-30.015593   0.100000  12.065825,
-29.020739   0.100000  12.155746,
-28.032591   0.100000  12.297932,
-27.056170   0.100000  12.502592,
-26.099083   0.100000  12.781070,
-25.172283   0.100000  13.145257,
-24.291641   0.100000  13.607191,
-23.482126   0.100000  14.180839,
-22.770189   0.100000  14.869707,
-22.175932   0.100000  15.662151,
-21.707983   0.100000  16.535936,
-21.367805   0.100000  17.468435,
-21.150196   0.100000  18.438828,
-21.047184   0.100000  19.429169,
-21.057877   0.100000  20.424143,
-21.205105   0.100000  21.404730,
-21.509979   0.100000  22.344807,
-21.976633   0.100000  23.214165,
-22.590551   0.100000  23.986942,
-23.324715   0.100000  24.649769,
-24.148531   0.100000  25.202271,
-25.034159   0.100000  25.654125,
-25.960526   0.100000  26.020109,
-26.913279   0.100000  26.315367,
-27.883263   0.100000  26.552231,
-28.865154   0.100000  26.736706,
-29.855555   0.100000  26.869268,
-30.850336   0.100000  26.965830,
-31.847336   0.100000  27.036480,
-32.846085   0.100000  27.079668,
-33.845634   0.100000  27.093712,
-34.845493   0.100000  27.090763,
-35.845085   0.100000  27.070162,
-36.844063   0.100000  27.027393,
-37.842983   0.100000  26.981537,
-38.842289   0.100000  26.946819,
-39.841961   0.100000  26.924780,
-40.841599   0.100000  26.916533,
-41.841053   0.100000  26.936792,
-42.839512   0.100000  26.983747,
-43.836437   0.100000  27.055304,
-44.830368   0.100000  27.159601,
-45.817760   0.100000  27.311626,
-46.796768   0.100000  27.509081,
-47.764507   0.100000  27.753338,
-48.715435   0.100000  28.055330,
-49.640545   0.100000  28.428438,
-50.525383   0.100000  28.887594,
-51.351345   0.100000  29.443941,
-52.095345   0.100000  30.103430,
-52.730518   0.100000  30.866152,
-53.236992   0.100000  31.718710,
-53.605583   0.100000  32.639702,
-53.838585   0.100000  33.605301,
-53.948055   0.100000  34.594288,
-53.947849   0.100000  35.590622,
-53.841785   0.100000  36.581150,
-53.623142   0.100000  37.551960,
-53.282524   0.100000  38.485542,
-52.817303   0.100000  39.362309,
-52.233555   0.100000  40.164593,
-51.545055   0.100000  40.879601,
-50.770523   0.100000  41.501942,
-49.929447   0.100000  42.033455,
-49.039227   0.100000  42.480946,
-48.113869   0.100000  42.853508,
-47.163250   0.100000  43.158997,
-46.193760   0.100000  43.398975,
-45.211945   0.100000  43.584091,
-44.223560   0.100000  43.729927,
-43.230663   0.100000  43.842655,
-42.234184   0.100000  43.919334,
-41.235481   0.100000  43.963158,
-40.236031   0.100000  43.983688,
-39.236191   0.100000  43.987316,
-38.236458   0.100000  43.970703,
-37.237125   0.100000  43.936787,
-36.238354   0.100000  43.890930,
-35.240387   0.100000  43.829170,
-34.243916   0.100000  43.747322,
-33.249229   0.100000  43.646328,
-32.256447   0.100000  43.528278,
-31.266298   0.100000  43.389645,
-30.280516   0.100000  43.223534,
-29.299883   0.100000  43.029289,
-28.324865   0.100000  42.809292,
-27.356733   0.100000  42.561131,
-26.397245   0.100000  42.281567,
-25.448586   0.100000  41.967072,
-24.514021   0.100000  41.613041,
-23.597860   0.100000  41.214005,
-22.703564   0.100000  40.768364,
-21.835321   0.100000  40.274399,
-20.998367   0.100000  39.729538,
-20.196501   0.100000  39.134068,
-19.424040   0.100000  38.500042,
-18.673529   0.100000  37.839603,
-17.940886   0.100000  37.159332,
-17.226549   0.100000  36.459927,
-16.532242   0.100000  35.740734,
-15.860083   0.100000  35.000877,
-15.212651   0.100000  34.239418,
-14.593557   0.100000  33.454842,
-14.008805   0.100000  32.644535,
-13.461223   0.100000  31.808680,
-12.953727   0.100000  30.948185,
-12.493798   0.100000  30.061611,
-12.086636   0.100000  29.149759,
-11.735898   0.100000  28.214813,
-11.440841   0.100000  27.260532,
-11.193538   0.100000  26.292398,
-10.984030   0.100000  25.315083,
-10.805184   0.100000  24.331570,
-10.652575   0.100000  23.343603,
-10.522540   0.100000  22.352322,
-10.412046   0.100000  21.358618,
-10.318543   0.100000  20.363121,
-10.239886   0.100000  19.366312,
-10.174285   0.100000  18.368528,
-10.120447   0.100000  17.370062,
-10.078556   0.100000  16.370979,
-10.048140   0.100000  15.371469,
-10.026281   0.100000  14.371758,
-10.011503   0.100000  13.371893,
-10.003486   0.100000  12.371942,
-10.000861   0.100000  11.371966,
-10.000160   0.100000  10.371982,
-10.000010   0.100000   9.371978,
 -9.999999   0.100000   8.371970,
 -9.999999   0.100000   7.371961,
-10.000000   0.100000   6.371949,
 -9.999999   0.100000   5.371977,
-10.000000   0.100000   4.371969,
 -9.999999   0.100000   3.371961,
-10.000000   0.100000   2.371952,
 -9.999998   0.100000   1.371940,
-10.000000   0.100000   0.371934,
-10.000000   0.100000  -0.628024,
-10.000000   0.100000  -1.628028,
 -9.999999   0.100000  -2.628037,
-10.000000   0.100000  -3.628047,
 -9.999998   0.100000  -4.628057,
 -9.999999   0.100000  -5.628063,
 -9.999999   0.100000  -6.628027,
 -9.999998   0.100000  -7.628033,
 -9.999999   0.100000  -8.628043,
-10.000002   0.100000  -9.628057,
-10.000017   0.100000 -10.628071,
-10.000078   0.100000 -11.628045,
-10.001742   0.100000 -12.628052,
-10.008313   0.100000 -13.628027,
-10.020430   0.100000 -14.627893,
-10.038509   0.100000 -15.627707,
-10.064258   0.100000 -16.627346,
-10.100191   0.100000 -17.626667,
-10.146175   0.100000 -18.625526,
-10.202111   0.100000 -19.623896,
-10.268740   0.100000 -20.621586,
-10.347419   0.100000 -21.618404,
-10.439789   0.100000 -22.614042,
-10.547779   0.100000 -23.608097,
-10.673671   0.100000 -24.599989,
-10.820189   0.100000 -25.589050,
-10.990580   0.100000 -26.574211,
-11.188730   0.100000 -27.554043,
-11.419289   0.100000 -28.526577,
-11.687706   0.100000 -29.489128,
-12.000221   0.100000 -30.437967,
-12.365423   0.100000 -31.367403,
-12.787996   0.100000 -32.272152,
-13.266265   0.100000 -33.148582,
-13.803889   0.100000 -33.989506,
-14.399720   0.100000 -34.790344,
-15.051720   0.100000 -35.545799,
-15.760387   0.100000 -36.248394,
-16.518120   0.100000 -36.898178,
-17.321526   0.100000 -37.490150,
-18.166672   0.100000 -38.021564,
-19.045151   0.100000 -38.495750,
-19.956280   0.100000 -38.902370,
-20.896709   0.100000 -39.235321,
-21.861097   0.100000 -39.488159,
-22.844734   0.100000 -39.648819,
-23.839077   0.100000 -39.712585,
-24.835089   0.100000 -39.680164,
-25.823305   0.100000 -39.551685,
-26.794451   0.100000 -39.326748,
-27.742764   0.100000 -39.017567,
-28.663342   0.100000 -38.633022,
-29.552858   0.100000 -38.180202,
-30.409092   0.100000 -37.667152,
-31.226492   0.100000 -37.094532,
-31.999741   0.100000 -36.463627,
-32.724289   0.100000 -35.777451,
-33.395828   0.100000 -35.039242,
-34.009907   0.100000 -34.252621,
-34.566189   0.100000 -33.423782,
-35.064606   0.100000 -32.558861,
-35.503521   0.100000 -31.662109,
-35.886253   0.100000 -30.739731,
-36.212688   0.100000 -29.796021,
-36.479836   0.100000 -28.833937,
-36.686398   0.100000 -27.856888,
-36.837433   0.100000 -26.869537,
-36.934605   0.100000 -25.875397,
-36.978390   0.100000 -24.877369,
-36.972313   0.100000 -23.878241,
-36.921806   0.100000 -22.880234,
-36.830658   0.100000 -21.885029,
-36.701485   0.100000 -20.893986,
-36.536678   0.100000 -19.908106,
-36.338413   0.100000 -18.928320,
-36.112316   0.100000 -17.954422,
-35.875786   0.100000 -16.982933,
-35.656017   0.100000 -16.007692,
-35.467770   0.100000 -15.026165,
-35.317509   0.100000 -14.038198,
-35.208729   0.100000 -13.044921,
-35.145508   0.100000 -12.047847,
-35.133743   0.100000 -11.049089,
-35.180645   0.100000 -10.051617,
-35.290096   0.100000  -9.059114,
-35.462975   0.100000  -8.076001,
-35.706867   0.100000  -7.108465,
-36.024292   0.100000  -6.162559,
-36.414261   0.100000  -5.244269,
-36.876251   0.100000  -4.360233,
-37.410702   0.100000  -3.518430,
-38.023281   0.100000  -2.733004,
-38.718159   0.100000  -2.020894,
-39.493088   0.100000  -1.398565,
-40.342167   0.100000  -0.883312,
-41.253242   0.100000  -0.487314,
-42.209820   0.100000  -0.217145,
-43.194153   0.100000  -0.072101,
-44.189308   0.100000  -0.040169,
-45.181705   0.100000  -0.116762,
-46.157825   0.100000  -0.307068,
-47.100918   0.100000  -0.620671,
-47.991154   0.100000  -1.061521,
-48.812527   0.100000  -1.620982,
-49.555519   0.100000  -2.282017,
-50.217785   0.100000  -3.025167,
-50.801895   0.100000  -3.832586,
-51.307308   0.100000  -4.691886,
-51.731613   0.100000  -5.593955,
-52.069805   0.100000  -6.531255,
-52.309280   0.100000  -7.498029,
-52.453003   0.100000  -8.484415,
-52.509712   0.100000  -9.480037,
-52.483902   0.100000 -10.477259,
-52.380459   0.100000 -11.469808,
-52.210255   0.100000 -12.453728,
-51.983860   0.100000 -13.426497,
-51.707470   0.100000 -14.386443,
-51.386581   0.100000 -15.332708,
-51.026333   0.100000 -16.264906,
-50.635487   0.100000 -17.184977,
-50.229290   0.100000 -18.098650,
-49.827835   0.100000 -19.014444,
-49.441555   0.100000 -19.936693,
-49.074516   0.100000 -20.866724,
-48.729328   0.100000 -21.805046,
-48.407982   0.100000 -22.751713,
-48.112244   0.100000 -23.706661,
-47.844151   0.100000 -24.669657,
-47.606117   0.100000 -25.640471,
-47.401279   0.100000 -26.618761,
-47.236763   0.100000 -27.604431,
-47.116951   0.100000 -28.596466,
-47.043373   0.100000 -29.592785,
-47.026035   0.100000 -30.591118,
-47.078491   0.100000 -31.587498,
-47.218910   0.100000 -32.573952,
-47.466431   0.100000 -33.537792,
-47.829918   0.100000 -34.462601,
-48.314999   0.100000 -35.328197,
-48.920113   0.100000 -36.114056,
-49.633423   0.100000 -36.804100,
-50.435513   0.100000 -37.390781,
-51.306664   0.100000 -37.871372,
-52.229038   0.100000 -38.245461,
-53.187794   0.100000 -38.510384,
-54.171005   0.100000 -38.654869,
-55.164310   0.100000 -38.670364,
-56.151493   0.100000 -38.555027,
-57.116615   0.100000 -38.314323,
-58.047031   0.100000 -37.960110,
-58.937374   0.100000 -37.512024,
-59.784065   0.100000 -36.985500,
-60.579231   0.100000 -36.384750,
-61.307560   0.100000 -35.706264,
-61.950134   0.100000 -34.947277,
-62.502876   0.100000 -34.118591,
-62.978146   0.100000 -33.242058,
-63.383476   0.100000 -32.330376,
-63.725918   0.100000 -31.392632,
-64.012642   0.100000 -30.435902,
-64.250496   0.100000 -29.465540,
-64.445717   0.100000 -28.485546,
-64.603867   0.100000 -27.498714,
-64.729797   0.100000 -26.507170,
-64.827698   0.100000 -25.512384,
-64.901169   0.100000 -24.515400,
-64.953171   0.100000 -23.516941,
-64.983871   0.100000 -22.517599,
-64.994919   0.100000 -21.517729,
-64.998550   0.100000 -20.517736,
-64.999847   0.100000 -19.517729,
-65.000000   0.100000 -18.517721,
-64.999992   0.100000 -17.517723,
-65.000000   0.100000 -16.517759,
-64.999992   0.100000 -15.517745,
-64.999992   0.200000 -14.508872,
-64.999992   0.300000 -13.499999,
-64.999992   0.587129 -12.185975,
-64.999992   0.874258 -10.871951,
-64.999992   1.161387  -9.557927,
-64.999992   1.448517  -8.243903,
-64.999992   1.735646  -6.929879,
-64.999992   2.022775  -5.615855,
-64.999992   2.309904  -4.301831,
-64.999992   2.597033  -2.987807,
-64.999992   2.884162  -1.673783,
-64.999992   3.171292  -0.359760,
-64.999992   3.458421   0.954264,
-64.999992   3.745550   2.268288,
-64.999992   4.032680   3.582312,
-64.999992   4.319808   4.896336,
-64.999992   4.606937   6.210360,
-64.999992   4.894067   7.524384,
-64.999992   4.947033   8.005828,
-64.999992   5.000000   8.487272,
-65.000000   5.000000   9.365557,
-65.000000   5.000000  10.243840,
-65.000000   5.000000  11.122124,
-65.000000   5.000000  12.000408,
-65.000000   5.000000  12.878693,
-65.000000   5.000000  13.756977,
-65.000000   5.000000  14.635262,
-65.000000   5.000000  15.513545,
-65.000000   4.942121  15.993015,
-65.000000   4.884242  16.472485,
-65.000000   4.597727  17.661705,
-65.000000   4.311212  18.850925,
-65.000000   4.024696  20.040146,
-65.000000   3.738182  21.229364,
-65.000000   3.451666  22.418583,
-65.000000   3.165151  23.607803,
-65.000000   2.878636  24.797024,
-65.000000   2.592121  25.986244,
-65.000000   2.305606  27.175465,
-65.000000   2.019091  28.364685,
-65.000000   1.732576  29.553905,
-65.000000   1.446060  30.743124,
-65.000000   1.159545  31.932343,
-65.000000   0.873030  33.121563,
-65.000000   0.586515  34.310783,
-65.000000   0.300000  35.500004,
-65.000000   0.200000  36.250004,
-65.000000   0.100000  37.000004,
-64.922066   0.100000  37.995827,
-64.761314   0.100000  38.981274,
-64.525879   0.100000  39.952244,
-64.234177   0.100000  40.908123,
-63.896152   0.100000  41.848877,
-63.523697   0.100000  42.776653,
-63.121296   0.100000  43.691906,
-62.692501   0.100000  44.595104,
-62.232853   0.100000  45.482677,
-61.728188   0.100000  46.344994,
-61.170979   0.100000  47.174274,
-60.560329   0.100000  47.965000,
-59.897224   0.100000  48.712273,
-59.186520   0.100000  49.414459,
-58.433029   0.100000  50.070503,
-57.640720   0.100000  50.679180,
-56.813717   0.100000  51.239994,
-55.956223   0.100000  51.753208,
-55.072285   0.100000  52.219688,
-54.165916   0.100000  52.641212,
-53.241489   0.100000  53.021759,
-52.302357   0.100000  53.364460,
-51.350655   0.100000  53.670601,
-50.388248   0.100000  53.941292,
-49.416847   0.100000  54.177807,
-48.437992   0.100000  54.381470,
-47.452972   0.100000  54.552948,
-46.463032   0.100000  54.693333,
-45.469437   0.100000  54.804893,
-44.473179   0.100000  54.889225,
-43.475071   0.100000  54.947853,
-42.475834   0.100000  54.982384,
-41.476028   0.100000  54.995792,
-40.476078   0.100000  54.993134,
-39.476192   0.100000  54.979122,
-38.476524   0.100000  54.954178,
-37.477203   0.100000  54.918083,
-36.478382   0.100000  54.870213,
-35.480274   0.100000  54.809509,
-34.483120   0.100000  54.734806,
-33.487244   0.100000  54.644802,
-32.493027   0.100000  54.538044,
-31.500988   0.100000  54.412800,
-30.511889   0.100000  54.266266,
-29.526674   0.100000  54.095676,
-28.546192   0.100000  53.899895,
-27.571289   0.100000  53.677982,
-26.602877   0.100000  53.429302,
-25.641787   0.100000  53.153648,
-24.688288   0.100000  52.852757,
-23.742594   0.100000  52.528126,
-22.805130   0.100000  52.180420,
-21.876572   0.100000  51.809582,
-20.957373   0.100000  51.416080,
-20.047432   0.100000  51.001617,
-19.147011   0.100000  50.566898,
-18.257519   0.100000  50.110302,
-17.380873   0.100000  49.629528,
-16.518511   0.100000  49.123623,
-15.671855   0.100000  48.591816,
-14.841410   0.100000  48.035030,
-14.027421   0.100000  47.454483,
-13.230464   0.100000  46.850784,
-12.451092   0.100000  46.224529,
-11.689828   0.100000  45.576374,
-10.947402   0.100000  44.906685,
-10.224965   0.100000  44.215500,
 -9.523664   0.100000  43.502914,
 -8.844788   0.100000  42.768970,
 -8.188902   0.100000  42.014412,
 -7.555832   0.100000  41.240593,
 -6.945294   0.100000  40.448872,
 -6.356900   0.100000  39.640526,
 -5.790207   0.100000  38.816811,
 -5.244700   0.100000  37.978882,
 -4.719835   0.100000  37.127872,
 -4.215004   0.100000  36.264797,
 -3.729593   0.100000  35.390659,
 -3.263676   0.100000  34.505981,
 -2.821514   0.100000  33.609352,
 -2.411842   0.100000  32.697620,
 -2.039292   0.100000  31.770115,
 -1.703270   0.100000  30.828676,
 -1.402157   0.100000  29.875402,
 -1.135342   0.100000  28.911905,
 -0.902963   0.100000  27.939493,
 -0.702088   0.100000  26.960108,
 -0.529125   0.100000  25.975426,
 -0.382170   0.100000  24.986485,
 -0.260297   0.100000  23.994078,
 -0.166280   0.100000  22.998648,
 -0.095762   0.100000  22.001266,
 -0.044833   0.100000  21.002693,
 -0.013887   0.100000  20.003260,
 -0.003230   0.100000  19.003378,
 -0.000356   0.100000  18.003391,
  0.000005   0.100000  17.003395,
  0.000005   0.100000  16.003391,
  0.000004   0.100000  15.003386,
  0.000004   0.100000  14.003387,
  0.000004   0.100000  13.003385,
  0.000004   0.100000  12.003383,
  0.000004   0.100000  11.003380,
  0.000004   0.100000  10.003386,
  0.000004   0.100000   9.003383,
  0.000004   0.100000   8.003386,
  0.000004   0.100000   7.003376,
  0.000004   0.100000   6.003379,
  0.000004   0.100000   5.003375,
  0.000004   0.100000   4.003379,
  0.000004   0.100000   3.003380,
  0.000004   0.100000   2.003377,
  0.000002   0.100000   1.001689,
